num_txn = 1000: num_account = 10000: max_amount = 10000
o,2508,3182,3326
o,1195,6469,495
o,7680,810,7504
t,3500,8784,1348
t,182,2681,1830
t,9940,4100,5060
t,4782,685,6972
o,800,7090,9661
o,8626,2985,9822
o,6081,6667,3762
t,7507,1264,1008
o,6101,8707,6284
o,8370,4464,4663
o,8013,9721,9149
o,3622,6119,4423
o,3598,4082,2225
t,6186,8397,2268
t,9226,2380,3086
t,8894,4092,4996
t,45,7631,8416
t,539,9430,4906
t,3364,4053,6987
o,2262,1408,5861
o,6086,4437,8626
o,5261,892,840
t,4251,3924,3147
t,3270,4493,9668
o,3520,4435,4061
t,572,5317,3937
o,9368,7274,7983
o,5894,3843,8334
o,6876,6958,8490
o,3818,5681,4423
t,3827,3920,3450
t,326,9469,3848
o,6890,4259,7463
o,7769,7750,3490
o,5298,1472,7545
t,6410,5877,3287
t,2651,8127,2822
o,9742,7243,9922
t,9766,9723,93
o,5929,291,2820
o,3096,6633,7218
t,6830,7058,2129
o,2111,9673,8522
o,6549,8159,9201
o,7442,2022,3537
t,95,9809,6214
o,6781,6305,9063
t,8724,1881,8173
o,3851,1741,7035
o,5601,9162,7713
t,34,2585,6585
o,3442,2136,7237
o,7030,7124,3478
t,6128,9690,9262
o,6466,4675,1543
o,1649,6067,1853
o,7774,8886,3376
t,9312,7439,9348
o,9588,2283,9383
t,7120,2970,4151
o,1282,3980,3763
o,7028,9375,3495
o,8722,1388,372
t,6958,2224,1085
o,1616,4459,7281
o,1863,6627,7805
o,8274,3538,5395
t,6034,5896,3669
o,6603,3782,9984
t,2603,3477,1326
o,3559,8049,6870
t,8673,7953,6642
o,4087,3922,5952
t,7014,107,1641
t,5812,7034,8199
o,154,1866,3111
o,5511,3093,4467
t,1509,2143,5069
o,4141,8289,2815
o,3169,9456,7258
o,1358,9560,8373
t,279,12,2444
o,9664,641,9820
t,2680,9281,4544
o,859,9009,8721
t,5297,140,9439
t,7697,2253,868
t,1023,4476,2382
o,7791,7105,8071
t,6407,514,2424
t,6867,8594,5901
t,2719,6795,9931
t,250,8651,1900
t,3310,1338,7360
t,7221,8226,4597
o,4356,3330,2148
t,5794,217,2202
t,257,977,3477
t,943,9376,3663
o,7447,9944,4050
t,8329,5948,7992
o,7387,5350,961
t,3581,1908,7938
o,8983,84,4779
o,2026,3331,8636
o,89,2111,1033
o,232,1046,7680
t,4012,1728,8694
o,9586,6684,3326
o,7667,637,1249
o,1963,5538,7300
o,4136,8429,2515
o,8628,1149,5071
t,8773,6102,9006
t,1101,3036,1466
o,4492,158,4079
o,5144,3756,2812
t,5228,412,3545
o,3291,7195,7429
o,4276,9942,2906
o,88,4327,8862
t,7057,4218,4511
o,3930,5975,8423
t,4722,8853,9868
t,2031,9030,7260
o,3354,7155,2999
o,1744,426,6022
o,2678,5278,9120
t,4164,7980,1222
t,6386,2083,6670
o,2157,5091,3233
o,6895,3099,8927
t,9257,2538,8965
t,4276,1962,2373
o,3100,4745,5779
t,5460,4897,5978
o,5980,3550,8720
o,4133,5388,6291
t,44,9522,3293
t,7128,8570,2738
o,3807,8053,8084
t,3506,6807,6607
t,1459,8736,3273
o,7928,9249,262
t,9216,8980,3350
o,4785,5991,4831
o,1199,4474,4680
o,7191,3769,999
o,505,5433,4012
t,894,6969,2354
t,146,5625,8075
o,9339,4687,4908
t,4026,8256,5164
o,4387,6345,5588
t,2466,6618,9658
t,3864,7008,4370
t,1266,4732,2161
t,1034,865,7533
t,7406,1959,6747
o,7717,8005,8096
o,314,3259,4702
o,6862,6640,9329
t,6776,5337,641
t,2702,1361,3969
t,1139,6128,2174
o,7794,9706,5201
t,9837,8298,7555
o,4663,2002,4978
t,2566,6031,5781
t,1217,1460,7994
t,4986,4985,7690
o,5495,1657,6635
o,8791,5159,6586
t,1132,1786,970
o,9234,4875,3899
t,2740,5227,1659
o,8490,3790,6061
o,6634,405,1621
t,8400,9309,3896
t,8089,529,6882
o,5105,9818,2590
o,3258,3558,2493
t,4393,6390,7134
o,1663,5144,6506
o,9228,2565,5863
t,4185,7483,2586
o,1066,2832,5508
t,4111,2388,5569
t,5401,8157,8660
t,6515,7504,909
o,2853,8042,869
o,5512,3725,1094
t,8472,6955,2658
o,1966,1594,3033
o,287,8539,4399
o,4139,6319,5894
o,5839,4552,2355
o,8896,3263,8102
t,2303,8969,4168
o,7195,5260,2020
o,5337,4677,3656
t,5710,6687,5998
t,3402,6748,7542
t,5211,3434,1051
t,3895,9756,9144
t,2747,7244,5051
t,3380,5570,6928
o,5260,8947,6950
o,5750,605,1462
o,2599,7458,6002
o,5223,9895,435
t,3625,7836,3874
t,4020,3016,3121
t,3316,4522,6698
o,2826,3624,4439
t,7275,1388,3026
t,2547,838,5148
t,5637,7500,7214
t,8855,7647,8834
o,7077,2706,7450
o,9429,569,9098
o,2335,5794,1515
t,5184,5952,8812
o,8342,8189,7243
t,5685,8741,7676
t,3676,1240,8885
t,9989,7717,3419
t,7075,867,2857
t,2497,1954,1186
o,2881,2699,4418
t,9871,9581,4567
o,2344,8160,4382
t,3149,8408,6827
o,9494,2062,5836
t,4888,5605,1964
t,6554,1172,5404
o,4262,6588,3496
t,7226,4264,3451
t,7939,4368,6636
o,1615,1016,4766
t,9429,7943,5276
t,5425,7463,6666
o,6136,4981,2691
t,9541,8093,156
o,5631,2,9210
t,321,2659,4613
t,4464,1247,6081
o,5907,7197,1689
o,4393,6964,6171
t,7849,9188,3986
t,7495,3027,3390
o,6674,9896,8658
t,8506,7866,8829
o,6870,3440,1335
o,257,3766,6166
t,9656,7853,402
t,8807,2923,6657
t,5596,6993,9445
o,8984,9185,2011
t,3845,667,2352
o,1684,7531,8555
o,1764,9889,2022
t,8364,8186,4373
o,971,1125,6131
o,7209,2787,2807
o,8864,8602,7849
t,2505,9859,6351
o,3220,8701,4906
t,1764,3459,3529
o,9909,1902,8274
o,3356,2645,680
o,2480,6809,9691
o,4170,8848,3035
o,2081,7235,4587
o,5237,7288,8458
t,6676,9714,8442
o,4926,8321,4836
t,2874,3108,6231
t,6664,6909,9145
t,2227,5186,2751
o,6019,2136,4453
t,1484,9038,3074
o,9169,1531,5847
t,5020,4287,9947
o,771,4782,3647
o,5536,6228,8553
o,2700,7696,1280
t,9561,4029,1933
o,3269,6385,1107
t,1889,4179,1060
o,4454,6905,9475
o,3308,5772,432
o,2856,429,8393
o,1149,6944,202
t,2500,1480,8414
o,6580,345,9850
o,4380,955,6270
t,1210,3680,2017
t,7197,1490,6858
o,833,7289,3691
o,521,8434,8023
t,728,8223,3229
t,9076,7993,5657
t,4269,5505,8650
t,4125,1271,5336
t,4300,7351,7850
t,8241,4707,9075
o,8808,2764,9330
t,2418,3703,3148
o,9282,2727,8359
t,4333,4014,8604
t,1764,3604,5890
t,8684,1225,2985
o,9827,7186,8069
t,122,7142,5283
t,241,963,9012
o,3810,2158,3093
o,2944,1450,3630
o,1959,8584,3724
t,7687,9612,2725
t,7064,2060,3244
o,2118,7663,8593
o,1139,3874,7733
t,7417,6744,7580
o,2207,671,5152
t,6492,5132,4804
t,289,8526,4329
t,5906,7052,9323
t,8032,2566,151
t,4711,5094,2204
o,1387,9935,5157
t,6509,2735,8717
o,4638,219,1131
o,8231,2286,8521
o,5421,9201,1328
t,1655,649,9689
t,1718,6190,6431
t,9797,8633,7537
o,2957,2693,5820
o,4304,887,8943
t,5187,6424,9771
o,2811,8291,8233
o,5875,5911,3883
o,97,9922,8169
t,2480,4598,8630
t,102,6165,9412
o,4503,5230,8808
o,6991,4101,2179
o,3577,1948,6389
t,5588,972,7816
t,435,1698,6886
o,6147,5053,8628
t,437,3608,540
o,5586,9951,90
t,1336,5249,8328
o,7651,505,1229
o,6228,3968,8170
o,1749,5984,8538
o,1823,5422,7972
t,5655,2950,6093
t,2830,2984,4769
t,2685,4857,4022
o,4468,2349,8473
o,5809,9700,2038
t,4364,6558,2467
t,4961,1003,3138
t,6577,1108,2233
o,9604,4677,8787
t,3321,3554,2359
t,6948,6380,7769
t,1222,6240,3384
t,639,1772,1357
t,2314,3822,7276
t,874,412,7452
o,7602,6036,3559
t,4635,8696,7957
o,1078,315,8027
t,3365,2146,940
t,4480,4322,1472
t,3384,2827,5699
t,4426,9325,1653
o,1474,5455,5429
t,314,8986,1302
o,4908,9258,2339
t,2636,6716,2355
t,5324,9645,6157
o,9954,7627,3339
t,6415,5388,7194
t,7104,5197,4932
o,7155,359,7471
o,4848,8771,9757
t,6084,8447,8722
t,6658,7427,8335
o,4026,4490,3981
o,7392,3670,160
o,8925,7352,2382
t,3772,7312,7280
o,9554,1101,4403
t,6074,510,2159
t,6958,7231,3618
o,473,8303,852
o,8083,1184,5476
o,7616,1987,2894
t,3913,5274,4038
t,8241,1316,4148
o,2963,4901,9038
t,8643,7547,5602
t,7073,5570,7547
o,5789,8397,3873
t,9372,5700,6989
t,4436,9881,8350
t,3378,2386,1620
o,446,2118,3410
t,2472,8798,1116
o,8783,3069,5857
t,7477,9754,3267
t,8865,3491,8238
t,4085,1577,8522
o,3230,3222,6609
o,9318,4580,6117
o,2014,9526,4488
o,70,1954,5206
t,7374,7413,1204
t,15,822,5233
t,5318,9822,9404
t,9856,4276,9439
o,5562,6046,1233
o,5810,7348,7826
o,3677,8664,3748
o,4255,5304,7982
t,1994,9185,8362
t,9884,3593,1555
t,7024,958,3233
o,1167,2670,3082
o,5437,4313,1248
t,5695,5424,5725
o,7592,5823,1848
t,1059,9828,3054
t,3844,1414,3729
t,8076,5282,5101
o,4775,8332,5943
o,4179,9023,5969
o,6071,7215,8119
o,7701,3842,1646
t,3080,3492,4140
t,7144,7192,989
o,1390,1068,9468
o,6318,919,1094
o,1647,3387,2179
o,6606,8146,9030
t,4802,3499,8856
t,4353,501,7435
t,9710,7925,6855
o,18,4194,7762
o,6428,3580,2747
t,4317,191,5965
o,103,8142,3063
o,5044,8443,9847
t,4353,8702,5060
t,5636,8845,1700
o,9548,4905,5920
o,8240,3680,4670
o,7066,3767,1384
t,8111,3699,8216
t,6593,7629,1639
o,833,1484,5188
o,4367,246,6357
t,5741,8055,1643
o,2213,7561,455
t,8412,5123,5480
o,1205,3214,5669
o,5553,235,2148
o,1459,137,8646
t,289,3832,4657
o,4512,1012,6606
t,5873,8247,8087
o,8380,4892,3145
t,6105,8623,3663
o,5258,5683,7164
o,1456,5662,2916
t,135,1560,425
o,125,1432,4638
t,8526,7594,752
o,7864,5190,2597
o,4354,5741,6813
o,6450,6826,8061
t,8906,5223,363
o,4780,9630,4916
o,9389,1691,9515
t,5639,503,4166
o,1920,1269,6138
t,292,8733,999
o,2893,4162,9344
t,1543,7403,450
t,9850,7164,4631
o,6217,5897,1959
o,4336,1473,9976
o,3416,493,5337
o,6426,7825,3071
t,4573,4069,3819
t,89,3162,1633
t,5572,8434,5424
o,5896,53,8466
t,8744,424,9433
t,6243,5760,9660
t,225,4996,3005
t,719,6074,1645
t,8436,5462,8527
o,1079,158,3004
o,5542,8426,7791
o,6894,6256,1991
o,3487,1423,9731
t,4929,9390,1507
o,6140,4510,6860
t,9911,8503,8349
t,3432,6874,864
o,8942,3867,837
t,4681,8626,1576
o,9829,3566,3317
t,7914,3047,9196
t,4876,702,7369
o,3175,4227,9439
o,8501,7786,8287
o,9399,9149,8342
o,749,9177,5431
o,4366,3357,4196
t,9038,7512,3306
t,4616,2500,5845
o,5700,3212,8876
t,1119,8313,5973
o,2873,4258,2274
o,9816,6966,6918
o,5480,8699,9847
t,300,4042,5691
o,1684,8995,2654
o,1169,8497,6870
o,7402,5744,8522
t,8205,4494,7432
o,9213,6056,5383
o,1216,2299,6698
t,5518,6543,2171
t,9408,7861,1093
o,1195,97,2365
t,1056,5585,4812
t,3009,3332,1215
o,8091,4997,3657
t,9283,9038,6852
o,4076,3548,9595
o,8689,8117,8098
o,9733,5541,930
t,5538,9645,2948
t,6938,7758,9948
o,9264,7513,7356
t,1621,1012,7257
o,3564,4107,3993
o,7740,9939,6430
o,6804,878,6538
o,386,3818,5925
o,4763,5223,1702
t,1399,8000,664
t,424,4371,8398
t,4376,2005,4294
o,1785,8285,5879
o,6472,2307,9629
o,2632,6166,3019
o,2310,8943,7074
o,2504,5126,3904
o,3500,4567,277
o,4991,8673,5721
o,7025,6365,8811
o,9494,1040,5968
o,5579,5595,8212
t,2886,1230,1549
t,802,8621,3307
t,7043,7210,6896
t,3225,7171,4569
o,3419,288,445
t,9226,5606,8722
t,4008,1040,9588
t,6347,7798,5586
o,1101,7133,8256
o,1905,1561,5302
t,2205,2196,1783
o,3252,6350,3024
t,7916,3467,7144
o,9644,2216,3653
o,2073,9591,4773
o,2595,357,49
o,9122,8303,7381
t,5948,2681,8154
t,4988,9935,4594
t,6949,7616,4867
o,9276,8361,5274
t,2862,5277,1288
t,6537,6059,9133
o,8611,9181,4086
o,258,1465,2559
o,7349,711,8691
o,8080,3283,5030
t,9635,9895,8913
o,4687,537,7550
o,1537,5188,8075
t,7035,3559,1999
o,367,6084,6978
t,224,9535,3927
o,752,8968,8833
t,3596,3861,3233
t,9502,8496,4191
t,1069,8091,2608
o,1199,7033,4588
o,7231,6585,7600
t,3332,928,9910
o,2923,187,3676
t,7062,8859,7012
o,7758,6595,3613
t,5533,7802,6604
o,476,5562,8028
t,1878,2614,9110
o,9540,3060,9225
t,4573,5485,7497
o,4453,7523,7868
o,1179,1230,8938
t,1807,2550,7341
o,2916,3943,9745
t,8950,7772,7181
o,8453,6290,7994
o,2290,3569,6865
t,3339,712,4145
o,4727,8364,2260
o,7322,1196,9130
o,7420,2822,6689
t,3155,6433,8458
t,2623,5638,7429
o,3647,1773,5939
o,7630,9154,7323
o,4397,7818,9126
o,806,1384,8130
o,2129,3610,5902
o,5383,2589,8539
o,9550,3347,8526
t,2283,5953,5932
o,7265,8221,1249
t,3068,8570,7467
o,9945,2943,7105
t,5275,1585,3757
t,5963,9657,7699
o,7980,2588,7531
o,325,6055,8961
o,4921,1243,8540
o,6086,9787,9155
t,9543,2972,5842
t,3801,9297,9077
o,9298,2832,5263
t,6077,2960,4058
t,3792,7939,470
o,1485,9429,2759
t,8706,7649,4793
o,2841,299,8738
t,8497,4578,2300
t,1891,7727,1190
o,1109,2803,3539
o,2105,3948,5898
t,7665,2718,5503
o,2234,4612,941
o,9173,2085,2015
o,2402,751,901
t,2007,9551,251
o,1908,7792,3018
t,542,6556,2649
o,2711,4897,6729
o,8743,8582,7330
t,6116,4622,5290
t,8161,3655,564
t,9091,7815,7451
o,2440,4053,4350
t,997,3718,7892
o,2440,6891,1505
t,3482,4584,8579
t,5757,5907,1874
t,9066,3514,7228
t,7236,4142,2680
o,7928,6482,6722
t,5676,1070,6674
o,2380,917,1173
o,7767,2676,7602
t,5949,6179,1707
t,3132,9931,2199
t,8968,5777,6206
t,3319,5236,7600
o,1877,4320,7555
o,2253,579,986
o,2883,2158,7003
o,5657,4603,1607
t,4799,9665,7932
o,9222,6481,8191
o,2098,747,5418
o,8530,3016,408
t,7702,4313,6309
t,5431,7293,8315
t,9093,5316,1103
o,6990,2709,1790
o,7055,6073,2630
o,1026,819,3125
t,1165,8541,9696
o,3903,6454,1606
o,1599,4265,7031
t,4717,5345,163
t,7362,1265,4353
o,3285,2494,6693
t,9052,5673,79
t,3825,3203,1343
o,4412,7389,8316
o,6006,6272,7606
o,3668,4636,8386
t,8449,8547,5812
o,3346,6516,2985
o,6490,6028,5543
o,6633,1973,459
o,4547,8153,5312
o,3272,3626,5632
o,2090,3236,5759
o,3140,4143,1590
t,557,3753,257
t,5207,3240,1699
o,1983,3592,8617
t,3674,5426,8222
t,7093,3532,6719
o,5474,2349,7565
t,6113,3323,9254
o,9810,843,368
o,9213,623,4422
t,1217,2471,9553
t,2188,8168,5863
o,7981,4084,1427
o,3526,8144,5353
t,3831,2916,9945
t,8783,9197,8594
o,6410,5312,1976
o,988,6396,8558
t,2503,8109,1044
t,7635,6906,5617
o,2576,3394,2455
t,1310,7806,1494
o,4736,1437,3520
t,9666,8464,2429
t,3379,4403,721
o,2417,9277,1273
t,2371,2316,7
o,6368,1974,5297
t,6564,7750,4227
o,9612,5720,4349
t,2631,7868,8650
o,496,1077,229
o,2813,948,5231
t,8984,2855,1357
t,316,7714,3038
t,745,4685,7310
o,7762,7887,7375
t,4344,1722,3328
o,9821,1976,6670
t,4979,6897,7793
t,4886,9375,3871
o,4423,1578,1092
t,7401,480,8147
o,1686,1807,5801
o,3954,9526,4651
o,6006,7978,2180
o,9895,8848,4875
o,5712,2666,6951
t,9943,7172,719
t,4271,1810,8025
o,748,2522,8787
t,160,4586,4115
o,6728,5117,9087
t,8064,1265,7960
t,5753,2833,7818
o,5859,4767,5804
o,3893,6521,4518
t,7043,2541,7792
o,9678,2929,9839
t,5745,305,8826
o,4331,7911,2396
o,4869,6707,6975
o,9290,4792,1502
t,1392,3656,1639
o,7851,6155,4895
o,1213,9037,7244
o,6464,7082,8563
t,2185,7387,6517
t,9161,5264,4031
t,827,7356,6470
o,1511,7971,9257
t,8060,894,5912
t,4509,7158,2076
t,4801,9318,7619
o,866,6180,9404
t,139,2272,9301
o,1570,9682,8751
t,9507,5219,7371
o,5539,2978,3600
o,1170,5863,5680
t,9977,4106,4780
t,1920,2397,9139
t,9825,8542,9966
o,1200,5617,9124
o,8350,7873,4210
o,8691,7931,4231
o,2635,4182,158
t,7486,2188,7465
t,9418,8595,1339
o,9720,477,5898
t,8625,2214,9826
o,6185,8948,4536
t,9484,5096,4528
t,6266,8757,8902
t,6641,9058,4129
o,9336,7944,8755
t,3893,6445,3614
o,3883,9511,2509
t,2293,2333,4831
o,5909,5717,5394
t,807,6272,7074
o,192,5974,6835
o,4321,7314,11
o,8983,5116,9229
t,1797,2842,5681
t,4835,4540,3481
t,6782,8310,9045
t,859,789,8020
o,1192,5092,7738
t,8444,4571,9118
t,5155,9127,491
o,3495,9719,5293
t,2157,7324,3346
o,3970,6825,753
o,1441,6148,8654
o,1867,6672,9413
o,4000,7149,8797
o,5535,7913,7044
t,6309,7533,9805
o,7637,1448,6147
o,6165,9491,136
t,3340,7240,4782
o,509,9786,8729
o,6678,8140,7031
t,927,5826,2815
o,3361,9857,6023
t,7133,5826,1123
o,4643,7268,7162
o,8750,3648,2091
o,5781,3224,2643
o,6981,1370,3660
t,2173,7042,3101
o,1152,5914,4515
o,2960,6888,6446
t,9515,7567,511
o,2693,4023,1445
o,4300,9886,6434
o,4912,9075,8246
t,2473,1905,4647
t,6308,4098,7462
o,4519,8327,7481
t,2136,277,8004
t,634,8514,3329
t,5385,1124,6038
o,209,8822,1475
t,473,9719,9299
o,1046,296,3708
o,3275,1168,7796
t,758,1627,9248
o,7414,7250,8050
o,2453,7729,4191
t,4654,227,1216
t,6215,9041,3041
t,3298,2338,698
o,3089,4404,2718
o,9732,6864,6844
t,7771,6090,1538
o,3099,9586,1906
t,1809,6095,6464
t,2520,4030,8737
o,1724,1776,1376
t,8185,2072,7627
o,5805,343,5539
t,8400,2381,6172
t,8402,4060,7855
t,867,9759,2677
o,7314,5491,6188
o,8529,1275,6607
t,8946,7981,3484
t,9870,1109,5677
t,2881,7566,1282
t,1364,3804,6120
o,7474,3973,8342
o,7863,1018,1531
t,2290,7717,7173
o,8735,130,7682
t,8395,1164,4619
o,4516,6646,7398
o,6431,5030,7796
o,511,266,7986
t,3050,2678,7267
o,675,8796,9319
t,2910,2842,1646
o,8209,5679,2957
t,1083,3926,1952
o,5469,5700,8253
o,4784,6048,1648
o,5916,5984,8967
t,6906,6232,3934
o,8711,9603,1622
t,597,3267,5159
o,5417,8115,2853
t,2141,4803,3964
t,2614,2215,3751
t,7585,1750,9854
o,7282,8820,541
o,2749,825,1462
t,9137,3082,9735
t,2874,4893,8293
o,7999,7496,6494
o,1401,6808,368
t,5507,470,9446
o,6343,9298,3626
o,6306,517,9057
o,5875,6869,1365
t,8123,1098,999
t,5357,5642,3357
o,1703,6201,9458
t,1790,6176,3651
o,4737,3095,1081
t,5218,1057,7878
o,6864,3285,9092
o,9268,455,7393
t,2809,4742,8167
o,249,7875,8305
o,9874,7761,8018
o,9790,1667,4528
o,6936,1959,8508
o,3507,2736,6724
t,4590,2166,211
t,2527,3954,1689
o,6879,9855,3481
o,5432,1784,5308
o,4510,3324,653
t,6188,5179,3125
o,6105,7983,5965
t,6506,2688,1097
o,3092,7659,1972
t,3828,3660,708
t,310,539,5743
t,301,7401,1164
t,8221,1816,4410
t,8420,3886,4526
t,486,490,6993
o,5293,4441,8386
o,4384,6709,8213
t,65,5271,376
o,2940,2470,3242
t,4486,4404,9060
o,6949,9821,5370
t,9568,6247,6407
t,8280,3398,3574
t,2619,8311,7004
o,2643,1568,2710
t,8093,9436,1034
o,5354,626,9841
o,4482,5251,7784
o,7603,3152,3524
t,5131,9929,9765
t,8840,9689,7812
o,3871,1167,6515
t,5724,5575,3818
o,5926,1202,1281
o,9622,7472,4105
o,9563,1887,3519
o,4148,7041,5633
o,7143,1748,2337
t,3001,6499,3225
o,5790,6091,1515
o,6753,1684,9033
o,3030,6664,2654
t,7419,6757,3335
t,3213,6852,3714
t,6389,9345,9885
t,3567,8572,6569
o,8883,9793,1026
o,2738,8891,9493
t,3902,8524,3286
o,6166,5938,9938
t,5677,9623,5243
t,4044,8956,6786
t,6720,6670,288
o,2099,6855,7335
o,314,8359,9406
o,5236,5249,5492
t,4178,8776,6697
