2093670	0
2161137	0
2228414	0
2296113	0
2363329	0
3453328	0
3520524	0
3588130	0
3655113	0
3722112	0
4762140	0
4781430	0
4800706	0
4820001	0
4839260	0
4952246	0
4971483	0
4990702	0
5010083	0
5029356	0
5141927	0
5161100	0
5180358	0
5199514	0
5218721	0
293788	1
367725	1
441486	1
515381	1
590029	1
1036727	1
1110877	1
1184985	1
1259308	1
1333977	1
1752594	1
1820330	1
1888050	1
1956150	1
2024098	1
2770081	1
2837473	1
2904680	1
2972706	1
3040045	1
4465744	1
4534648	1
4607632	1
4663493	1
4736479	1
3790821	2
3856993	2
3923742	2
3990987	2
4057883	2
4857178	2
4876515	2
4895846	2
4915149	2
4934281	2
5047173	2
5066360	2
5085600	2
5104807	2
5124047	2
5236456	2
5255158	2
5274551	2
5294099	2
5313645	2
5352936	2
5372496	2
5392070	2
5411566	2
5426609	2
663988	3
738984	3
814036	3
888462	3
963737	3
1408092	3
1481257	3
1549174	3
1616795	3
1684445	3
2432389	3
2500292	3
2567675	3
2635453	3
2703140	3
3107115	3
3174834	3
3242389	3
3317741	3
3385451	3
4126368	3
4194571	3
4262412	3
4330457	3
4398270	3
